# Input data - one per line
# Shape: [1, 3, 8, 8]
0.030115
1.231621
-0.096180
0.150774
-0.017356
-0.584339
0.571411
0.375967
0.395516
-0.454694
0.701397
-0.700926
0.293429
1.095228
-0.495268
-0.283149
0.049826
-0.251738
-0.775332
0.034281
-0.531152
0.236796
-0.459712
0.774967
-0.391627
-0.161031
0.406759
-0.615432
0.113730
0.653571
-0.803742
0.092317
0.129941
0.390911
-0.618475
-0.660228
0.260971
0.148492
0.125246
0.173224
-0.340012
0.116127
0.146536
-0.357176
0.932887
0.236916
-0.595652
0.328277
-0.487341
0.393542
0.579298
-0.410341
0.481688
0.206390
0.411030
0.948396
-0.122694
-0.376868
-0.444757
-0.407905
-0.038551
0.170576
0.138345
0.413592
0.006501
0.726767
-0.132328
1.360085
0.312834
-0.428579
-0.535446
0.241236
-0.111731
0.357000
0.236619
-0.036414
-0.423397
-0.757424
-0.223257
0.428199
0.107047
-0.622869
0.086590
0.192659
-0.441929
0.076863
0.029104
-0.571485
0.178894
0.280392
0.541526
0.526901
-0.688835
-0.468913
0.257518
0.256893
0.257524
1.926366
0.285445
0.567783
0.477001
0.325696
-0.157635
0.379485
-0.386413
-0.118409
-0.242682
0.040937
1.157329
-0.933633
0.343130
-0.806358
-0.235966
0.544475
0.032140
-0.538872
-0.357652
0.339799
-0.365183
0.108229
0.022786
-0.325800
1.071972
0.316960
-1.012571
0.093227
-0.330893
0.426217
-0.396260
-0.057368
0.252494
0.432878
-0.600148
-0.167251
-0.237473
-0.326665
0.882727
0.202491
-0.630442
0.458931
1.061078
0.516233
-0.759685
-0.242117
0.633456
-0.353835
0.221910
0.387317
-0.463465
-0.029763
-1.620634
-0.512194
-0.126284
-0.623892
0.816206
-0.715071
-0.220022
0.065370
0.720637
-0.717931
0.581582
0.005117
-0.490754
0.231052
0.099530
-0.300108
0.034901
-0.192657
0.056759
0.331065
0.793008
-0.618908
1.066517
-0.976044
-0.075893
0.294159
0.140496
-0.311350
-0.104061
-0.246500
-0.294682
0.424801
0.178508
-0.346455
0.449800
0.153650
0.406431
0.314814
-0.414498
-0.280091
0.373647
0.305185
