# Conv2D Weights - one per line
# Shape: [4, 3, 3, 3]
0.049671
-0.013826
0.064769
0.152303
-0.023415
-0.023414
0.157921
0.076743
-0.046947
0.054256
-0.046342
-0.046573
0.024196
-0.191328
-0.172492
-0.056229
-0.101283
0.031425
-0.090802
-0.141230
0.146565
-0.022578
0.006753
-0.142475
-0.054438
0.011092
-0.115099
0.037570
-0.060064
-0.029169
-0.060171
0.185228
-0.001350
-0.105771
0.082254
-0.122084
0.020886
-0.195967
-0.132819
0.019686
0.073847
0.017137
-0.011565
-0.030110
-0.147852
-0.071984
-0.046064
0.105712
0.034362
-0.176304
0.032408
-0.038508
-0.067692
0.061168
0.103100
0.093128
-0.083922
-0.030921
0.033126
0.097555
-0.047917
-0.018566
-0.110633
-0.119621
0.081253
0.135624
-0.007201
0.100353
0.036164
-0.064512
0.036140
0.153804
-0.003583
0.156464
-0.261975
0.082190
0.008705
-0.029901
0.009176
-0.198757
-0.021967
0.035711
0.147789
-0.051827
-0.080849
-0.050176
0.091540
0.032875
-0.052976
0.051327
0.009708
0.096864
-0.070205
-0.032766
-0.039211
-0.146351
0.029612
0.026106
0.000511
-0.023459
-0.141537
-0.042065
-0.034271
-0.080228
-0.016129
0.040405
0.188619
0.017458
